20

C   0.000000   -1.224937    0.000000
C   1.164984   -0.378526    0.000000
C   0.720000    0.990995    0.000000
C  -0.720000    0.990995    0.000000
C  -1.164984   -0.378526    0.000000
C   0.000000   -2.664937    0.000000
C   2.534506   -0.823511    0.000000
C   1.566411    2.155979    0.000000
C  -1.566411    2.155979    0.000000
C  -2.534506   -0.823511    0.000000
C   0.720000    3.387334    0.000000
C   2.999054    1.731504    0.000000
C   3.444038    0.361983    0.000000
C   2.573517   -2.317205    0.000000
C   1.408533   -3.163616    0.000000
C  -1.408533   -3.163616    0.000000
C  -2.573517   -2.317205    0.000000
C  -3.444038    0.361983    0.000000
C  -2.999054    1.731504    0.000000
C  -0.720000    3.387334    0.000000
20

C   0.000000   -1.224937    0.000000
C   1.164984   -0.378526    0.000000
C   0.720000    0.990995    0.000000
C  -0.720000    0.990995    0.000000
C  -1.164984   -0.378526    0.000000
C   0.000000   -2.664937    0.005000
C   2.534506   -0.823511    0.005000
C   1.566411    2.155979    0.005000
C  -1.566411    2.155979    0.005000
C  -2.534506   -0.823511    0.005000
C   0.720000    3.387334    0.010000
C   2.999054    1.731504    0.010000
C   3.444038    0.361983    0.010000
C   2.573517   -2.317205    0.010000
C   1.408533   -3.163616    0.010000
C  -1.408533   -3.163616    0.010000
C  -2.573517   -2.317205    0.010000
C  -3.444038    0.361983    0.010000
C  -2.999054    1.731504    0.010000
C  -0.720000    3.387334    0.010000
