20

C      1.170639    1.170639    1.170639   
C      1.894104    0.000000    0.723495  
C     -1.170639   -1.170639    1.170639 
C      1.170639   -1.170639    1.170639    
C     -1.170639    1.170639    1.170639   
C      0.000000   -0.723495    1.894104  
C      0.723495    1.894104    0.000000 
C      0.000000    0.723495    1.894104    
C      1.894104    0.000000   -0.723495   
C      0.723495   -1.894104    0.000000  
C     -1.894104    0.000000    0.723495 
C     -0.723495    1.894104    0.000000   
C      1.170639    1.170639   -1.170639  
C      1.170639   -1.170639   -1.170639 
C     -0.723495   -1.894104    0.000000    
C     -1.894104    0.000000   -0.723495   
C     -1.170639    1.170639   -1.170639  
C      0.000000    0.723495   -1.894104 
C      0.000000   -0.723495   -1.894104   
C     -1.170639   -1.170639   -1.170639  
20

C      1.171639    1.170639    1.170639   
C      1.894104    0.001000    0.723495  
C     -1.170639   -1.170639    1.171639 
C      1.169639   -1.170639    1.170639    
C     -1.170639    1.169639    1.170639   
C      0.000000   -0.723495    1.893104  
C      0.724495    1.894104    0.000000 
C      0.000000    0.724495    1.894104    
C      1.894104    0.000000   -0.722495   
C      0.722495   -1.894104    0.000000  
C     -1.894104    0.001000    0.723495 
C     -0.723495    1.894104    0.001000   
C      1.169639    1.170639   -1.170639  
C      1.170639   -1.171639   -1.170639 
C     -0.723495   -1.894104   -0.001000    
C     -1.893104    0.000000   -0.723495   
C     -1.170639    1.171639   -1.170639  
C      0.000000    0.723495   -1.895104 
C      0.001000   -0.723495   -1.894104   
C     -1.170639   -1.171639   -1.169639
