(3,3) carbon nanotube                                                   
 601   1     j  12
 -12.4000  0.00057
 -12.3587  0.00058
 -12.3173  0.00059
 -12.2760  0.00059
 -12.2347  0.00060
 -12.1933  0.00061
 -12.1520  0.00062
 -12.1107  0.00063
 -12.0693  0.00064
 -12.0280  0.00065
 -11.9867  0.00066
 -11.9453  0.00068
 -11.9040  0.00069
 -11.8627  0.00070
 -11.8213  0.00071
 -11.7800  0.00072
 -11.7387  0.00074
 -11.6973  0.00075
 -11.6560  0.00077
 -11.6147  0.00078
 -11.5733  0.00080
 -11.5320  0.00081
 -11.4907  0.00083
 -11.4493  0.00084
 -11.4080  0.00086
 -11.3667  0.00088
 -11.3253  0.00090
 -11.2840  0.00092
 -11.2427  0.00094
 -11.2013  0.00096
 -11.1600  0.00098
 -11.1187  0.00101
 -11.0773  0.00103
 -11.0360  0.00106
 -10.9947  0.00108
 -10.9533  0.00111
 -10.9120  0.00114
 -10.8707  0.00117
 -10.8293  0.00121
 -10.7880  0.00124
 -10.7467  0.00128
 -10.7053  0.00132
 -10.6640  0.00136
 -10.6227  0.00140
 -10.5813  0.00145
 -10.5400  0.00150
 -10.4987  0.00155
 -10.4573  0.00161
 -10.4160  0.00167
 -10.3747  0.00174
 -10.3333  0.00181
 -10.2920  0.00189
 -10.2507  0.00198
 -10.2093  0.00207
 -10.1680  0.00218
 -10.1267  0.00229
 -10.0853  0.00242
 -10.0440  0.00256
 -10.0027  0.00272
  -9.9613  0.00290
  -9.9200  0.00311
  -9.8787  0.00336
  -9.8373  0.00364
  -9.7960  0.00398
  -9.7547  0.00439
  -9.7133  0.00490
  -9.6720  0.00553
  -9.6307  0.00635
  -9.5893  0.00743
  -9.5480  0.00895
  -9.5067  0.01116
  -9.4653  0.01461
  -9.4240  0.02050
  -9.3827  0.03165
  -9.3413  0.05421
  -9.3000  0.08785
  -9.2587  0.09979
  -9.2173  0.09159
  -9.1760  0.08162
  -9.1347  0.07362
  -9.0933  0.06747
  -9.0520  0.06266
  -9.0107  0.05883
  -8.9693  0.05578
  -8.9280  0.05321
  -8.8867  0.05117
  -8.8453  0.04940
  -8.8040  0.04806
  -8.7627  0.04684
  -8.7213  0.04608
  -8.6800  0.04538
  -8.6387  0.04511
  -8.5973  0.04513
  -8.5560  0.04543
  -8.5147  0.04646
  -8.4733  0.04800
  -8.4320  0.05078
  -8.3907  0.05549
  -8.3493  0.06351
  -8.3080  0.07828
  -8.2667  0.10919
  -8.2253  0.16788
  -8.1840  0.22619
  -8.1427  0.22574
  -8.1013  0.20367
  -8.0600  0.18495
  -8.0187  0.16922
  -7.9773  0.15716
  -7.9360  0.14741
  -7.8947  0.14004
  -7.8533  0.13307
  -7.8120  0.12714
  -7.7707  0.12303
  -7.7293  0.11851
  -7.6880  0.11438
  -7.6467  0.11138
  -7.6053  0.10852
  -7.5640  0.10570
  -7.5227  0.10284
  -7.4813  0.10086
  -7.4400  0.09926
  -7.3987  0.09669
  -7.3573  0.09476
  -7.3160  0.09373
  -7.2747  0.09215
  -7.2333  0.09027
  -7.1920  0.08900
  -7.1507  0.08790
  -7.1093  0.08697
  -7.0680  0.08562
  -7.0267  0.08414
  -6.9853  0.08351
  -6.9440  0.08308
  -6.9027  0.08171
  -6.8613  0.08046
  -6.8200  0.08015
  -6.7787  0.07961
  -6.7373  0.07875
  -6.6960  0.07785
  -6.6547  0.07717
  -6.6133  0.07672
  -6.5720  0.07656
  -6.5307  0.07581
  -6.4893  0.07475
  -6.4480  0.07454
  -6.4067  0.07470
  -6.3653  0.07422
  -6.3240  0.07325
  -6.2827  0.07302
  -6.2413  0.07306
  -6.2000  0.07288
  -6.1587  0.07269
  -6.1173  0.07227
  -6.0760  0.07199
  -6.0347  0.07210
  -5.9933  0.07260
  -5.9520  0.07271
  -5.9107  0.07218
  -5.8693  0.07243
  -5.8280  0.07359
  -5.7867  0.07452
  -5.7453  0.07506
  -5.7040  0.07584
  -5.6627  0.07814
  -5.6213  0.08160
  -5.5800  0.08555
  -5.5387  0.09142
  -5.4973  0.10330
  -5.4560  0.12712
  -5.4147  0.17253
  -5.3733  0.23731
  -5.3320  0.27855
  -5.2907  0.26272
  -5.2493  0.23363
  -5.2080  0.21750
  -5.1667  0.20759
  -5.1253  0.19656
  -5.0840  0.18543
  -5.0427  0.17788
  -5.0013  0.17256
  -4.9600  0.16832
  -4.9187  0.16424
  -4.8773  0.16070
  -4.8360  0.15565
  -4.7947  0.15271
  -4.7533  0.15102
  -4.7120  0.14925
  -4.6707  0.14827
  -4.6293  0.14362
  -4.5880  0.14236
  -4.5467  0.14202
  -4.5053  0.14037
  -4.4640  0.13985
  -4.4227  0.13804
  -4.3813  0.13724
  -4.3400  0.13560
  -4.2987  0.13533
  -4.2573  0.13509
  -4.2160  0.13548
  -4.1747  0.13425
  -4.1333  0.13270
  -4.0920  0.13261
  -4.0507  0.13359
  -4.0093  0.13381
  -3.9680  0.13365
  -3.9267  0.13273
  -3.8853  0.13286
  -3.8440  0.13393
  -3.8027  0.13421
  -3.7613  0.13479
  -3.7200  0.13593
  -3.6787  0.13636
  -3.6373  0.13648
  -3.5960  0.13789
  -3.5547  0.13955
  -3.5133  0.14212
  -3.4720  0.14359
  -3.4307  0.14464
  -3.3893  0.14728
  -3.3480  0.15239
  -3.3067  0.15616
  -3.2653  0.16076
  -3.2240  0.16955
  -3.1827  0.18676
  -3.1413  0.21432
  -3.1000  0.24501
  -3.0587  0.26364
  -3.0173  0.26783
  -2.9760  0.26571
  -2.9347  0.26408
  -2.8933  0.26778
  -2.8520  0.27611
  -2.8107  0.29585
  -2.7693  0.32822
  -2.7280  0.34151
  -2.6867  0.29378
  -2.6453  0.21299
  -2.6040  0.15090
  -2.5627  0.11438
  -2.5213  0.09371
  -2.4800  0.08288
  -2.4387  0.07683
  -2.3973  0.07239
  -2.3560  0.06822
  -2.3147  0.06454
  -2.2733  0.06248
  -2.2320  0.06047
  -2.1907  0.05836
  -2.1493  0.05671
  -2.1080  0.05560
  -2.0667  0.05467
  -2.0253  0.05377
  -1.9840  0.05288
  -1.9427  0.05149
  -1.9013  0.05059
  -1.8600  0.05037
  -1.8187  0.04970
  -1.7773  0.04901
  -1.7360  0.04862
  -1.6947  0.04819
  -1.6533  0.04736
  -1.6120  0.04683
  -1.5707  0.04659
  -1.5293  0.04606
  -1.4880  0.04621
  -1.4467  0.04595
  -1.4053  0.04513
  -1.3640  0.04440
  -1.3227  0.04456
  -1.2813  0.04455
  -1.2400  0.04410
  -1.1987  0.04423
  -1.1573  0.04363
  -1.1160  0.04314
  -1.0747  0.04316
  -1.0333  0.04315
  -0.9920  0.04270
  -0.9507  0.04268
  -0.9093  0.04312
  -0.8680  0.04231
  -0.8267  0.04183
  -0.7853  0.04211
  -0.7440  0.04189
  -0.7027  0.04193
  -0.6613  0.04222
  -0.6200  0.04199
  -0.5787  0.04082
  -0.5373  0.04137
  -0.4960  0.04191
  -0.4547  0.04093
  -0.4133  0.04145
  -0.3720  0.04172
  -0.3307  0.04106
  -0.2893  0.04036
  -0.2480  0.04186
  -0.2067  0.04098
  -0.1653  0.03952
  -0.1240  0.04343
  -0.0827  0.04049
  -0.0413  0.03922
   0.0000  0.04339
   0.0413  0.03922
   0.0827  0.04049
   0.1240  0.04343
   0.1653  0.03952
   0.2067  0.04098
   0.2480  0.04186
   0.2893  0.04036
   0.3307  0.04106
   0.3720  0.04172
   0.4133  0.04145
   0.4547  0.04093
   0.4960  0.04191
   0.5373  0.04137
   0.5787  0.04082
   0.6200  0.04199
   0.6613  0.04222
   0.7027  0.04193
   0.7440  0.04189
   0.7853  0.04211
   0.8267  0.04183
   0.8680  0.04231
   0.9093  0.04312
   0.9507  0.04268
   0.9920  0.04270
   1.0333  0.04315
   1.0747  0.04316
   1.1160  0.04314
   1.1573  0.04363
   1.1987  0.04423
   1.2400  0.04410
   1.2813  0.04455
   1.3227  0.04456
   1.3640  0.04440
   1.4053  0.04513
   1.4467  0.04595
   1.4880  0.04621
   1.5293  0.04606
   1.5707  0.04659
   1.6120  0.04683
   1.6533  0.04736
   1.6947  0.04819
   1.7360  0.04862
   1.7773  0.04901
   1.8187  0.04970
   1.8600  0.05037
   1.9013  0.05059
   1.9427  0.05149
   1.9840  0.05288
   2.0253  0.05377
   2.0667  0.05467
   2.1080  0.05560
   2.1493  0.05671
   2.1907  0.05836
   2.2320  0.06047
   2.2733  0.06248
   2.3147  0.06454
   2.3560  0.06822
   2.3973  0.07239
   2.4387  0.07683
   2.4800  0.08288
   2.5213  0.09371
   2.5627  0.11438
   2.6040  0.15090
   2.6453  0.21299
   2.6867  0.29378
   2.7280  0.34151
   2.7693  0.32822
   2.8107  0.29585
   2.8520  0.27611
   2.8933  0.26778
   2.9347  0.26408
   2.9760  0.26571
   3.0173  0.26783
   3.0587  0.26364
   3.1000  0.24501
   3.1413  0.21432
   3.1827  0.18676
   3.2240  0.16955
   3.2653  0.16076
   3.3067  0.15616
   3.3480  0.15239
   3.3893  0.14728
   3.4307  0.14464
   3.4720  0.14359
   3.5133  0.14212
   3.5547  0.13955
   3.5960  0.13789
   3.6373  0.13648
   3.6787  0.13636
   3.7200  0.13593
   3.7613  0.13479
   3.8027  0.13421
   3.8440  0.13393
   3.8853  0.13286
   3.9267  0.13273
   3.9680  0.13365
   4.0093  0.13381
   4.0507  0.13359
   4.0920  0.13261
   4.1333  0.13270
   4.1747  0.13425
   4.2160  0.13548
   4.2573  0.13509
   4.2987  0.13533
   4.3400  0.13560
   4.3813  0.13724
   4.4227  0.13804
   4.4640  0.13985
   4.5053  0.14037
   4.5467  0.14202
   4.5880  0.14236
   4.6293  0.14362
   4.6707  0.14827
   4.7120  0.14925
   4.7533  0.15102
   4.7947  0.15271
   4.8360  0.15565
   4.8773  0.16070
   4.9187  0.16424
   4.9600  0.16832
   5.0013  0.17256
   5.0427  0.17788
   5.0840  0.18543
   5.1253  0.19656
   5.1667  0.20759
   5.2080  0.21750
   5.2493  0.23363
   5.2907  0.26272
   5.3320  0.27855
   5.3733  0.23731
   5.4147  0.17253
   5.4560  0.12712
   5.4973  0.10330
   5.5387  0.09142
   5.5800  0.08555
   5.6213  0.08160
   5.6627  0.07814
   5.7040  0.07584
   5.7453  0.07506
   5.7867  0.07452
   5.8280  0.07359
   5.8693  0.07243
   5.9107  0.07218
   5.9520  0.07271
   5.9933  0.07260
   6.0347  0.07210
   6.0760  0.07199
   6.1173  0.07227
   6.1587  0.07269
   6.2000  0.07288
   6.2413  0.07306
   6.2827  0.07302
   6.3240  0.07325
   6.3653  0.07422
   6.4067  0.07470
   6.4480  0.07454
   6.4893  0.07475
   6.5307  0.07581
   6.5720  0.07656
   6.6133  0.07672
   6.6547  0.07717
   6.6960  0.07785
   6.7373  0.07875
   6.7787  0.07961
   6.8200  0.08015
   6.8613  0.08046
   6.9027  0.08171
   6.9440  0.08308
   6.9853  0.08351
   7.0267  0.08414
   7.0680  0.08562
   7.1093  0.08697
   7.1507  0.08790
   7.1920  0.08900
   7.2333  0.09027
   7.2747  0.09215
   7.3160  0.09373
   7.3573  0.09476
   7.3987  0.09669
   7.4400  0.09926
   7.4813  0.10086
   7.5227  0.10284
   7.5640  0.10570
   7.6053  0.10852
   7.6467  0.11138
   7.6880  0.11438
   7.7293  0.11851
   7.7707  0.12303
   7.8120  0.12714
   7.8533  0.13307
   7.8947  0.14004
   7.9360  0.14741
   7.9773  0.15716
   8.0187  0.16922
   8.0600  0.18495
   8.1013  0.20367
   8.1427  0.22574
   8.1840  0.22619
   8.2253  0.16788
   8.2667  0.10919
   8.3080  0.07828
   8.3493  0.06351
   8.3907  0.05549
   8.4320  0.05078
   8.4733  0.04800
   8.5147  0.04646
   8.5560  0.04543
   8.5973  0.04513
   8.6387  0.04511
   8.6800  0.04538
   8.7213  0.04608
   8.7627  0.04684
   8.8040  0.04806
   8.8453  0.04940
   8.8867  0.05117
   8.9280  0.05321
   8.9693  0.05578
   9.0107  0.05883
   9.0520  0.06266
   9.0933  0.06747
   9.1347  0.07362
   9.1760  0.08162
   9.2173  0.09159
   9.2587  0.09979
   9.3000  0.08785
   9.3413  0.05421
   9.3827  0.03165
   9.4240  0.02050
   9.4653  0.01461
   9.5067  0.01116
   9.5480  0.00895
   9.5893  0.00743
   9.6307  0.00635
   9.6720  0.00553
   9.7133  0.00490
   9.7547  0.00439
   9.7960  0.00398
   9.8373  0.00364
   9.8787  0.00336
   9.9200  0.00311
   9.9613  0.00290
  10.0027  0.00272
  10.0440  0.00256
  10.0853  0.00242
  10.1267  0.00229
  10.1680  0.00218
  10.2093  0.00207
  10.2507  0.00198
  10.2920  0.00189
  10.3333  0.00181
  10.3747  0.00174
  10.4160  0.00167
  10.4573  0.00161
  10.4987  0.00155
  10.5400  0.00150
  10.5813  0.00145
  10.6227  0.00140
  10.6640  0.00136
  10.7053  0.00132
  10.7467  0.00128
  10.7880  0.00124
  10.8293  0.00121
  10.8707  0.00117
  10.9120  0.00114
  10.9533  0.00111
  10.9947  0.00108
  11.0360  0.00106
  11.0773  0.00103
  11.1187  0.00101
  11.1600  0.00098
  11.2013  0.00096
  11.2427  0.00094
  11.2840  0.00092
  11.3253  0.00090
  11.3667  0.00088
  11.4080  0.00086
  11.4493  0.00084
  11.4907  0.00083
  11.5320  0.00081
  11.5733  0.00080
  11.6147  0.00078
  11.6560  0.00077
  11.6973  0.00075
  11.7387  0.00074
  11.7800  0.00072
  11.8213  0.00071
  11.8627  0.00070
  11.9040  0.00069
  11.9453  0.00068
  11.9867  0.00066
  12.0280  0.00065
  12.0693  0.00064
  12.1107  0.00063
  12.1520  0.00062
  12.1933  0.00061
  12.2347  0.00060
  12.2760  0.00059
  12.3173  0.00059
  12.3587  0.00058
  12.4000  0.00057
