    3    3     3.000
 1001
    -9.3000        0.70129E-03
    -9.2814        0.70880E-03
    -9.2628        0.71646E-03
    -9.2442        0.72427E-03
    -9.2256        0.73224E-03
    -9.2070        0.74037E-03
    -9.1884        0.74867E-03
    -9.1698        0.75715E-03
    -9.1512        0.76581E-03
    -9.1326        0.77465E-03
    -9.1140        0.78368E-03
    -9.0954        0.79291E-03
    -9.0768        0.80235E-03
    -9.0582        0.81200E-03
    -9.0396        0.82187E-03
    -9.0210        0.83196E-03
    -9.0024        0.84229E-03
    -8.9838        0.85286E-03
    -8.9652        0.86369E-03
    -8.9466        0.87477E-03
    -8.9280        0.88613E-03
    -8.9094        0.89777E-03
    -8.8908        0.90970E-03
    -8.8722        0.92193E-03
    -8.8536        0.93448E-03
    -8.8350        0.94736E-03
    -8.8164        0.96058E-03
    -8.7978        0.97415E-03
    -8.7792        0.98809E-03
    -8.7606        0.10024E-02
    -8.7420        0.10172E-02
    -8.7234        0.10323E-02
    -8.7048        0.10479E-02
    -8.6862        0.10639E-02
    -8.6676        0.10805E-02
    -8.6490        0.10975E-02
    -8.6304        0.11151E-02
    -8.6118        0.11332E-02
    -8.5932        0.11519E-02
    -8.5746        0.11711E-02
    -8.5560        0.11911E-02
    -8.5374        0.12117E-02
    -8.5188        0.12330E-02
    -8.5002        0.12550E-02
    -8.4816        0.12778E-02
    -8.4630        0.13015E-02
    -8.4444        0.13260E-02
    -8.4258        0.13515E-02
    -8.4072        0.13779E-02
    -8.3886        0.14054E-02
    -8.3700        0.14340E-02
    -8.3514        0.14637E-02
    -8.3328        0.14947E-02
    -8.3142        0.15270E-02
    -8.2956        0.15608E-02
    -8.2770        0.15960E-02
    -8.2584        0.16329E-02
    -8.2398        0.16715E-02
    -8.2212        0.17120E-02
    -8.2026        0.17546E-02
    -8.1840        0.17993E-02
    -8.1654        0.18463E-02
    -8.1468        0.18959E-02
    -8.1282        0.19482E-02
    -8.1096        0.20036E-02
    -8.0910        0.20622E-02
    -8.0724        0.21244E-02
    -8.0538        0.21905E-02
    -8.0352        0.22609E-02
    -8.0166        0.23360E-02
    -7.9980        0.24164E-02
    -7.9794        0.25027E-02
    -7.9608        0.25954E-02
    -7.9422        0.26954E-02
    -7.9236        0.28035E-02
    -7.9050        0.29208E-02
    -7.8864        0.30485E-02
    -7.8678        0.31881E-02
    -7.8492        0.33412E-02
    -7.8306        0.35100E-02
    -7.8120        0.36969E-02
    -7.7934        0.39050E-02
    -7.7748        0.41379E-02
    -7.7562        0.44004E-02
    -7.7376        0.46983E-02
    -7.7190        0.50389E-02
    -7.7004        0.54318E-02
    -7.6818        0.58896E-02
    -7.6632        0.64289E-02
    -7.6446        0.70722E-02
    -7.6260        0.78508E-02
    -7.6074        0.88092E-02
    -7.5888        0.10012E-01
    -7.5702        0.11559E-01
    -7.5516        0.13602E-01
    -7.5330        0.16395E-01
    -7.5144        0.20375E-01
    -7.4958        0.26345E-01
    -7.4772        0.35861E-01
    -7.4586        0.52022E-01
    -7.4400        0.80049E-01
    -7.4214        0.12030    
    -7.4028        0.14824    
    -7.3842        0.14813    
    -7.3656        0.13674    
    -7.3470        0.12474    
    -7.3284        0.11451    
    -7.3098        0.10612    
    -7.2912        0.99223E-01
    -7.2726        0.93484E-01
    -7.2540        0.88643E-01
    -7.2354        0.84503E-01
    -7.2168        0.80922E-01
    -7.1982        0.77799E-01
    -7.1796        0.75044E-01
    -7.1610        0.72598E-01
    -7.1424        0.70421E-01
    -7.1238        0.68452E-01
    -7.1052        0.66694E-01
    -7.0866        0.65088E-01
    -7.0680        0.63644E-01
    -7.0494        0.62319E-01
    -7.0308        0.61130E-01
    -7.0122        0.60029E-01
    -6.9936        0.59053E-01
    -6.9750        0.58142E-01
    -6.9564        0.57353E-01
    -6.9378        0.56611E-01
    -6.9192        0.55991E-01
    -6.9006        0.55415E-01
    -6.8820        0.54950E-01
    -6.8634        0.54560E-01
    -6.8448        0.54239E-01
    -6.8262        0.54064E-01
    -6.8076        0.53918E-01
    -6.7890        0.53966E-01
    -6.7704        0.54093E-01
    -6.7518        0.54386E-01
    -6.7332        0.54899E-01
    -6.7146        0.55598E-01
    -6.6960        0.56603E-01
    -6.6774        0.58031E-01
    -6.6588        0.59878E-01
    -6.6402        0.62495E-01
    -6.6216        0.66115E-01
    -6.6030        0.71153E-01
    -6.5844        0.78591E-01
    -6.5658        0.89958E-01
    -6.5472        0.10804    
    -6.5286        0.13894    
    -6.5100        0.19345    
    -6.4914        0.27451    
    -6.4728        0.33965    
    -6.4542        0.34436    
    -6.4356        0.32138    
    -6.4170        0.29620    
    -6.3984        0.27376    
    -6.3798        0.25558    
    -6.3612        0.24071    
    -6.3426        0.22807    
    -6.3240        0.21738    
    -6.3054        0.20830    
    -6.2868        0.20047    
    -6.2682        0.19336    
    -6.2496        0.18709    
    -6.2310        0.18184    
    -6.2124        0.17669    
    -6.1938        0.17195    
    -6.1752        0.16817    
    -6.1566        0.16431    
    -6.1380        0.16053    
    -6.1194        0.15753    
    -6.1008        0.15461    
    -6.0822        0.15162    
    -6.0636        0.14899    
    -6.0450        0.14665    
    -6.0264        0.14442    
    -6.0078        0.14207    
    -5.9892        0.13995    
    -5.9706        0.13830    
    -5.9520        0.13641    
    -5.9334        0.13433    
    -5.9148        0.13290    
    -5.8962        0.13155    
    -5.8776        0.12972    
    -5.8590        0.12821    
    -5.8404        0.12710    
    -5.8218        0.12578    
    -5.8032        0.12434    
    -5.7846        0.12312    
    -5.7660        0.12206    
    -5.7474        0.12105    
    -5.7288        0.11985    
    -5.7102        0.11864    
    -5.6916        0.11784    
    -5.6730        0.11709    
    -5.6544        0.11586    
    -5.6358        0.11481    
    -5.6172        0.11430    
    -5.5986        0.11356    
    -5.5800        0.11241    
    -5.5614        0.11162    
    -5.5428        0.11112    
    -5.5242        0.11041    
    -5.5056        0.10954    
    -5.4870        0.10881    
    -5.4684        0.10821    
    -5.4498        0.10769    
    -5.4312        0.10710    
    -5.4126        0.10626    
    -5.3940        0.10564    
    -5.3754        0.10537    
    -5.3568        0.10490    
    -5.3382        0.10400    
    -5.3196        0.10342    
    -5.3010        0.10328    
    -5.2824        0.10287    
    -5.2638        0.10207    
    -5.2452        0.10154    
    -5.2266        0.10135    
    -5.2080        0.10099    
    -5.1894        0.10046    
    -5.1708        0.99949E-01
    -5.1522        0.99573E-01
    -5.1336        0.99280E-01
    -5.1150        0.99053E-01
    -5.0964        0.98609E-01
    -5.0778        0.98020E-01
    -5.0592        0.97743E-01
    -5.0406        0.97744E-01
    -5.0220        0.97454E-01
    -5.0034        0.96766E-01
    -4.9848        0.96425E-01
    -4.9662        0.96503E-01
    -4.9476        0.96363E-01
    -4.9290        0.95824E-01
    -4.9104        0.95392E-01
    -4.8918        0.95371E-01
    -4.8732        0.95294E-01
    -4.8546        0.95038E-01
    -4.8360        0.94708E-01
    -4.8174        0.94464E-01
    -4.7988        0.94313E-01
    -4.7802        0.94261E-01
    -4.7616        0.94248E-01
    -4.7430        0.93921E-01
    -4.7244        0.93559E-01
    -4.7058        0.93546E-01
    -4.6872        0.93780E-01
    -4.6686        0.93709E-01
    -4.6500        0.93218E-01
    -4.6314        0.93052E-01
    -4.6128        0.93351E-01
    -4.5942        0.93539E-01
    -4.5756        0.93330E-01
    -4.5570        0.93025E-01
    -4.5384        0.93180E-01
    -4.5198        0.93452E-01
    -4.5012        0.93578E-01
    -4.4826        0.93589E-01
    -4.4640        0.93617E-01
    -4.4454        0.93759E-01
    -4.4268        0.94043E-01
    -4.4082        0.94463E-01
    -4.3896        0.94913E-01
    -4.3710        0.95022E-01
    -4.3524        0.95219E-01
    -4.3338        0.95934E-01
    -4.3152        0.96987E-01
    -4.2966        0.97822E-01
    -4.2780        0.98212E-01
    -4.2594        0.99056E-01
    -4.2408        0.10090    
    -4.2222        0.10306    
    -4.2036        0.10499    
    -4.1850        0.10700    
    -4.1664        0.11041    
    -4.1478        0.11593    
    -4.1292        0.12290    
    -4.1106        0.13158    
    -4.0920        0.14495    
    -4.0734        0.16848    
    -4.0548        0.21027    
    -4.0362        0.27797    
    -4.0176        0.36325    
    -3.9990        0.42239    
    -3.9804        0.41847    
    -3.9618        0.38513    
    -3.9432        0.35880    
    -3.9246        0.34150    
    -3.9060        0.32409    
    -3.8874        0.30591    
    -3.8688        0.29247    
    -3.8502        0.28401    
    -3.8316        0.27668    
    -3.8130        0.26833    
    -3.7944        0.25987    
    -3.7758        0.25429    
    -3.7572        0.24975    
    -3.7386        0.24556    
    -3.7200        0.24146    
    -3.7014        0.23680    
    -3.6828        0.23361    
    -3.6642        0.23029    
    -3.6456        0.22774    
    -3.6270        0.22593    
    -3.6084        0.22342    
    -3.5898        0.22073    
    -3.5712        0.21808    
    -3.5526        0.21696    
    -3.5340        0.21614    
    -3.5154        0.21480    
    -3.4968        0.21258    
    -3.4782        0.21054    
    -3.4596        0.21023    
    -3.4410        0.20989    
    -3.4224        0.20913    
    -3.4038        0.20768    
    -3.3852        0.20646    
    -3.3666        0.20620    
    -3.3480        0.20610    
    -3.3294        0.20572    
    -3.3108        0.20535    
    -3.2922        0.20490    
    -3.2736        0.20443    
    -3.2550        0.20438    
    -3.2364        0.20446    
    -3.2178        0.20508    
    -3.1992        0.20537    
    -3.1806        0.20484    
    -3.1620        0.20471    
    -3.1434        0.20548    
    -3.1248        0.20670    
    -3.1062        0.20763    
    -3.0876        0.20754    
    -3.0690        0.20755    
    -3.0504        0.20883    
    -3.0318        0.21059    
    -3.0132        0.21185    
    -2.9946        0.21276    
    -2.9760        0.21346    
    -2.9574        0.21507    
    -2.9388        0.21724    
    -2.9202        0.21904    
    -2.9016        0.22108    
    -2.8830        0.22321    
    -2.8644        0.22539    
    -2.8458        0.22784    
    -2.8272        0.23089    
    -2.8086        0.23424    
    -2.7900        0.23826    
    -2.7714        0.24170    
    -2.7528        0.24526    
    -2.7342        0.25031    
    -2.7156        0.25622    
    -2.6970        0.26238    
    -2.6784        0.26843    
    -2.6598        0.27548    
    -2.6412        0.28496    
    -2.6226        0.29609    
    -2.6040        0.30640    
    -2.5854        0.31849    
    -2.5668        0.33601    
    -2.5482        0.35909    
    -2.5296        0.38314    
    -2.5110        0.40620    
    -2.4924        0.44039    
    -2.4738        0.48581    
    -2.4552        0.48701    
    -2.4366        0.39414    
    -2.4180        0.27510    
    -2.3994        0.18898    
    -2.3808        0.13613    
    -2.3622        0.10442    
    -2.3436        0.84867E-01
    -2.3250        0.72646E-01
    -2.3064        0.64500E-01
    -2.2878        0.58482E-01
    -2.2692        0.53672E-01
    -2.2506        0.49731E-01
    -2.2320        0.46669E-01
    -2.2134        0.44408E-01
    -2.1948        0.42775E-01
    -2.1762        0.41472E-01
    -2.1576        0.40257E-01
    -2.1390        0.39229E-01
    -2.1204        0.38358E-01
    -2.1018        0.37660E-01
    -2.0832        0.37230E-01
    -2.0646        0.37012E-01
    -2.0460        0.36925E-01
    -2.0274        0.36955E-01
    -2.0088        0.37029E-01
    -1.9902        0.37161E-01
    -1.9716        0.37532E-01
    -1.9530        0.38451E-01
    -1.9344        0.39909E-01
    -1.9158        0.41682E-01
    -1.8972        0.43904E-01
    -1.8786        0.46969E-01
    -1.8600        0.52104E-01
    -1.8414        0.61333E-01
    -1.8228        0.77263E-01
    -1.8042        0.10325    
    -1.7856        0.13930    
    -1.7670        0.17154    
    -1.7484        0.17805    
    -1.7298        0.16450    
    -1.7112        0.15010    
    -1.6926        0.14040    
    -1.6740        0.13348    
    -1.6554        0.12621    
    -1.6368        0.11900    
    -1.6182        0.11346    
    -1.5996        0.10940    
    -1.5810        0.10619    
    -1.5624        0.10322    
    -1.5438        0.10004    
    -1.5252        0.96822E-01
    -1.5066        0.94365E-01
    -1.4880        0.92479E-01
    -1.4694        0.90746E-01
    -1.4508        0.89359E-01
    -1.4322        0.87510E-01
    -1.4136        0.85478E-01
    -1.3950        0.84007E-01
    -1.3764        0.82949E-01
    -1.3578        0.82040E-01
    -1.3392        0.81090E-01
    -1.3206        0.79856E-01
    -1.3020        0.78401E-01
    -1.2834        0.77431E-01
    -1.2648        0.76947E-01
    -1.2462        0.76155E-01
    -1.2276        0.75460E-01
    -1.2090        0.74648E-01
    -1.1904        0.73639E-01
    -1.1718        0.73014E-01
    -1.1532        0.72525E-01
    -1.1346        0.71910E-01
    -1.1160        0.71371E-01
    -1.0974        0.70988E-01
    -1.0788        0.70351E-01
    -1.0602        0.69565E-01
    -1.0416        0.69191E-01
    -1.0230        0.68726E-01
    -1.0044        0.68417E-01
   -0.98580        0.68357E-01
   -0.96720        0.67675E-01
   -0.94860        0.66930E-01
   -0.93000        0.66585E-01
   -0.91140        0.66430E-01
   -0.89280        0.66271E-01
   -0.87420        0.66073E-01
   -0.85560        0.65622E-01
   -0.83700        0.64866E-01
   -0.81840        0.64680E-01
   -0.79980        0.64768E-01
   -0.78120        0.64374E-01
   -0.76260        0.64256E-01
   -0.74400        0.63969E-01
   -0.72540        0.63435E-01
   -0.70680        0.63293E-01
   -0.68820        0.63214E-01
   -0.66960        0.62941E-01
   -0.65100        0.62719E-01
   -0.63240        0.62812E-01
   -0.61380        0.62489E-01
   -0.59520        0.61949E-01
   -0.57660        0.62027E-01
   -0.55800        0.61767E-01
   -0.53940        0.61648E-01
   -0.52080        0.62004E-01
   -0.50220        0.61545E-01
   -0.48360        0.61002E-01
   -0.46500        0.60964E-01
   -0.44640        0.61058E-01
   -0.42780        0.60972E-01
   -0.40920        0.61024E-01
   -0.39060        0.61000E-01
   -0.37200        0.60201E-01
   -0.35340        0.60255E-01
   -0.33480        0.60747E-01
   -0.31620        0.60170E-01
   -0.29760        0.60362E-01
   -0.27900        0.60496E-01
   -0.26040        0.59856E-01
   -0.24180        0.59875E-01
   -0.22320        0.60183E-01
   -0.20460        0.59938E-01
   -0.18600        0.59512E-01
   -0.16740        0.60384E-01
   -0.14880        0.60093E-01
   -0.13020        0.58880E-01
   -0.11160        0.60402E-01
   -0.93000E-01    0.59593E-01
   -0.74400E-01    0.58692E-01
   -0.55800E-01    0.61293E-01
   -0.37200E-01    0.59365E-01
   -0.18600E-01    0.58618E-01
     0.0000        0.60979E-01
    0.18600E-01    0.58618E-01
    0.37200E-01    0.59365E-01
    0.55800E-01    0.61293E-01
    0.74400E-01    0.58692E-01
    0.93000E-01    0.59593E-01
    0.11160        0.60402E-01
    0.13020        0.58880E-01
    0.14880        0.60093E-01
    0.16740        0.60384E-01
    0.18600        0.59512E-01
    0.20460        0.59938E-01
    0.22320        0.60183E-01
    0.24180        0.59875E-01
    0.26040        0.59856E-01
    0.27900        0.60496E-01
    0.29760        0.60362E-01
    0.31620        0.60170E-01
    0.33480        0.60747E-01
    0.35340        0.60255E-01
    0.37200        0.60201E-01
    0.39060        0.61000E-01
    0.40920        0.61024E-01
    0.42780        0.60972E-01
    0.44640        0.61058E-01
    0.46500        0.60964E-01
    0.48360        0.61002E-01
    0.50220        0.61545E-01
    0.52080        0.62004E-01
    0.53940        0.61648E-01
    0.55800        0.61767E-01
    0.57660        0.62027E-01
    0.59520        0.61949E-01
    0.61380        0.62489E-01
    0.63240        0.62812E-01
    0.65100        0.62719E-01
    0.66960        0.62941E-01
    0.68820        0.63214E-01
    0.70680        0.63293E-01
    0.72540        0.63435E-01
    0.74400        0.63969E-01
    0.76260        0.64256E-01
    0.78120        0.64374E-01
    0.79980        0.64768E-01
    0.81840        0.64680E-01
    0.83700        0.64866E-01
    0.85560        0.65622E-01
    0.87420        0.66073E-01
    0.89280        0.66271E-01
    0.91140        0.66430E-01
    0.93000        0.66585E-01
    0.94860        0.66930E-01
    0.96720        0.67675E-01
    0.98580        0.68357E-01
     1.0044        0.68417E-01
     1.0230        0.68726E-01
     1.0416        0.69191E-01
     1.0602        0.69565E-01
     1.0788        0.70351E-01
     1.0974        0.70988E-01
     1.1160        0.71371E-01
     1.1346        0.71910E-01
     1.1532        0.72525E-01
     1.1718        0.73014E-01
     1.1904        0.73639E-01
     1.2090        0.74648E-01
     1.2276        0.75460E-01
     1.2462        0.76155E-01
     1.2648        0.76947E-01
     1.2834        0.77431E-01
     1.3020        0.78401E-01
     1.3206        0.79856E-01
     1.3392        0.81090E-01
     1.3578        0.82040E-01
     1.3764        0.82949E-01
     1.3950        0.84007E-01
     1.4136        0.85478E-01
     1.4322        0.87510E-01
     1.4508        0.89359E-01
     1.4694        0.90746E-01
     1.4880        0.92479E-01
     1.5066        0.94365E-01
     1.5252        0.96822E-01
     1.5438        0.10004    
     1.5624        0.10322    
     1.5810        0.10619    
     1.5996        0.10940    
     1.6182        0.11346    
     1.6368        0.11900    
     1.6554        0.12621    
     1.6740        0.13348    
     1.6926        0.14040    
     1.7112        0.15010    
     1.7298        0.16450    
     1.7484        0.17805    
     1.7670        0.17154    
     1.7856        0.13930    
     1.8042        0.10325    
     1.8228        0.77263E-01
     1.8414        0.61333E-01
     1.8600        0.52104E-01
     1.8786        0.46969E-01
     1.8972        0.43904E-01
     1.9158        0.41682E-01
     1.9344        0.39909E-01
     1.9530        0.38451E-01
     1.9716        0.37532E-01
     1.9902        0.37161E-01
     2.0088        0.37029E-01
     2.0274        0.36955E-01
     2.0460        0.36925E-01
     2.0646        0.37012E-01
     2.0832        0.37230E-01
     2.1018        0.37660E-01
     2.1204        0.38358E-01
     2.1390        0.39229E-01
     2.1576        0.40257E-01
     2.1762        0.41472E-01
     2.1948        0.42775E-01
     2.2134        0.44408E-01
     2.2320        0.46669E-01
     2.2506        0.49731E-01
     2.2692        0.53672E-01
     2.2878        0.58482E-01
     2.3064        0.64500E-01
     2.3250        0.72646E-01
     2.3436        0.84867E-01
     2.3622        0.10442    
     2.3808        0.13613    
     2.3994        0.18898    
     2.4180        0.27510    
     2.4366        0.39414    
     2.4552        0.48701    
     2.4738        0.48581    
     2.4924        0.44039    
     2.5110        0.40620    
     2.5296        0.38314    
     2.5482        0.35909    
     2.5668        0.33601    
     2.5854        0.31849    
     2.6040        0.30640    
     2.6226        0.29609    
     2.6412        0.28496    
     2.6598        0.27548    
     2.6784        0.26843    
     2.6970        0.26238    
     2.7156        0.25622    
     2.7342        0.25031    
     2.7528        0.24526    
     2.7714        0.24170    
     2.7900        0.23826    
     2.8086        0.23424    
     2.8272        0.23089    
     2.8458        0.22784    
     2.8644        0.22539    
     2.8830        0.22321    
     2.9016        0.22108    
     2.9202        0.21904    
     2.9388        0.21724    
     2.9574        0.21507    
     2.9760        0.21346    
     2.9946        0.21276    
     3.0132        0.21185    
     3.0318        0.21059    
     3.0504        0.20883    
     3.0690        0.20755    
     3.0876        0.20754    
     3.1062        0.20763    
     3.1248        0.20670    
     3.1434        0.20548    
     3.1620        0.20471    
     3.1806        0.20484    
     3.1992        0.20537    
     3.2178        0.20508    
     3.2364        0.20446    
     3.2550        0.20438    
     3.2736        0.20443    
     3.2922        0.20490    
     3.3108        0.20535    
     3.3294        0.20572    
     3.3480        0.20610    
     3.3666        0.20620    
     3.3852        0.20646    
     3.4038        0.20768    
     3.4224        0.20913    
     3.4410        0.20989    
     3.4596        0.21023    
     3.4782        0.21054    
     3.4968        0.21258    
     3.5154        0.21480    
     3.5340        0.21614    
     3.5526        0.21696    
     3.5712        0.21808    
     3.5898        0.22073    
     3.6084        0.22342    
     3.6270        0.22593    
     3.6456        0.22774    
     3.6642        0.23029    
     3.6828        0.23361    
     3.7014        0.23680    
     3.7200        0.24146    
     3.7386        0.24556    
     3.7572        0.24975    
     3.7758        0.25429    
     3.7944        0.25987    
     3.8130        0.26833    
     3.8316        0.27668    
     3.8502        0.28401    
     3.8688        0.29247    
     3.8874        0.30591    
     3.9060        0.32409    
     3.9246        0.34150    
     3.9432        0.35880    
     3.9618        0.38513    
     3.9804        0.41847    
     3.9990        0.42239    
     4.0176        0.36325    
     4.0362        0.27797    
     4.0548        0.21027    
     4.0734        0.16848    
     4.0920        0.14495    
     4.1106        0.13158    
     4.1292        0.12290    
     4.1478        0.11593    
     4.1664        0.11041    
     4.1850        0.10700    
     4.2036        0.10499    
     4.2222        0.10306    
     4.2408        0.10090    
     4.2594        0.99056E-01
     4.2780        0.98212E-01
     4.2966        0.97822E-01
     4.3152        0.96987E-01
     4.3338        0.95934E-01
     4.3524        0.95219E-01
     4.3710        0.95022E-01
     4.3896        0.94913E-01
     4.4082        0.94463E-01
     4.4268        0.94043E-01
     4.4454        0.93759E-01
     4.4640        0.93617E-01
     4.4826        0.93589E-01
     4.5012        0.93578E-01
     4.5198        0.93452E-01
     4.5384        0.93180E-01
     4.5570        0.93025E-01
     4.5756        0.93330E-01
     4.5942        0.93539E-01
     4.6128        0.93351E-01
     4.6314        0.93052E-01
     4.6500        0.93218E-01
     4.6686        0.93709E-01
     4.6872        0.93780E-01
     4.7058        0.93546E-01
     4.7244        0.93559E-01
     4.7430        0.93921E-01
     4.7616        0.94248E-01
     4.7802        0.94261E-01
     4.7988        0.94313E-01
     4.8174        0.94464E-01
     4.8360        0.94708E-01
     4.8546        0.95038E-01
     4.8732        0.95294E-01
     4.8918        0.95371E-01
     4.9104        0.95392E-01
     4.9290        0.95824E-01
     4.9476        0.96363E-01
     4.9662        0.96503E-01
     4.9848        0.96425E-01
     5.0034        0.96766E-01
     5.0220        0.97454E-01
     5.0406        0.97744E-01
     5.0592        0.97743E-01
     5.0778        0.98020E-01
     5.0964        0.98609E-01
     5.1150        0.99053E-01
     5.1336        0.99280E-01
     5.1522        0.99573E-01
     5.1708        0.99949E-01
     5.1894        0.10046    
     5.2080        0.10099    
     5.2266        0.10135    
     5.2452        0.10154    
     5.2638        0.10207    
     5.2824        0.10287    
     5.3010        0.10328    
     5.3196        0.10342    
     5.3382        0.10400    
     5.3568        0.10490    
     5.3754        0.10537    
     5.3940        0.10564    
     5.4126        0.10626    
     5.4312        0.10710    
     5.4498        0.10769    
     5.4684        0.10821    
     5.4870        0.10881    
     5.5056        0.10954    
     5.5242        0.11041    
     5.5428        0.11112    
     5.5614        0.11162    
     5.5800        0.11241    
     5.5986        0.11356    
     5.6172        0.11430    
     5.6358        0.11481    
     5.6544        0.11586    
     5.6730        0.11709    
     5.6916        0.11784    
     5.7102        0.11864    
     5.7288        0.11985    
     5.7474        0.12105    
     5.7660        0.12206    
     5.7846        0.12312    
     5.8032        0.12434    
     5.8218        0.12578    
     5.8404        0.12710    
     5.8590        0.12821    
     5.8776        0.12972    
     5.8962        0.13155    
     5.9148        0.13290    
     5.9334        0.13433    
     5.9520        0.13641    
     5.9706        0.13830    
     5.9892        0.13995    
     6.0078        0.14207    
     6.0264        0.14442    
     6.0450        0.14665    
     6.0636        0.14899    
     6.0822        0.15162    
     6.1008        0.15461    
     6.1194        0.15753    
     6.1380        0.16053    
     6.1566        0.16431    
     6.1752        0.16817    
     6.1938        0.17195    
     6.2124        0.17669    
     6.2310        0.18184    
     6.2496        0.18709    
     6.2682        0.19336    
     6.2868        0.20047    
     6.3054        0.20830    
     6.3240        0.21738    
     6.3426        0.22807    
     6.3612        0.24071    
     6.3798        0.25558    
     6.3984        0.27376    
     6.4170        0.29620    
     6.4356        0.32138    
     6.4542        0.34436    
     6.4728        0.33965    
     6.4914        0.27451    
     6.5100        0.19345    
     6.5286        0.13894    
     6.5472        0.10804    
     6.5658        0.89958E-01
     6.5844        0.78591E-01
     6.6030        0.71153E-01
     6.6216        0.66115E-01
     6.6402        0.62495E-01
     6.6588        0.59878E-01
     6.6774        0.58031E-01
     6.6960        0.56603E-01
     6.7146        0.55598E-01
     6.7332        0.54899E-01
     6.7518        0.54386E-01
     6.7704        0.54093E-01
     6.7890        0.53966E-01
     6.8076        0.53918E-01
     6.8262        0.54064E-01
     6.8448        0.54239E-01
     6.8634        0.54560E-01
     6.8820        0.54950E-01
     6.9006        0.55415E-01
     6.9192        0.55991E-01
     6.9378        0.56611E-01
     6.9564        0.57353E-01
     6.9750        0.58142E-01
     6.9936        0.59053E-01
     7.0122        0.60029E-01
     7.0308        0.61130E-01
     7.0494        0.62319E-01
     7.0680        0.63644E-01
     7.0866        0.65088E-01
     7.1052        0.66694E-01
     7.1238        0.68452E-01
     7.1424        0.70421E-01
     7.1610        0.72598E-01
     7.1796        0.75044E-01
     7.1982        0.77799E-01
     7.2168        0.80922E-01
     7.2354        0.84503E-01
     7.2540        0.88643E-01
     7.2726        0.93484E-01
     7.2912        0.99223E-01
     7.3098        0.10612    
     7.3284        0.11451    
     7.3470        0.12474    
     7.3656        0.13674    
     7.3842        0.14813    
     7.4028        0.14824    
     7.4214        0.12030    
     7.4400        0.80049E-01
     7.4586        0.52022E-01
     7.4772        0.35861E-01
     7.4958        0.26345E-01
     7.5144        0.20375E-01
     7.5330        0.16395E-01
     7.5516        0.13602E-01
     7.5702        0.11559E-01
     7.5888        0.10012E-01
     7.6074        0.88092E-02
     7.6260        0.78508E-02
     7.6446        0.70722E-02
     7.6632        0.64289E-02
     7.6818        0.58896E-02
     7.7004        0.54318E-02
     7.7190        0.50389E-02
     7.7376        0.46983E-02
     7.7562        0.44004E-02
     7.7748        0.41379E-02
     7.7934        0.39050E-02
     7.8120        0.36969E-02
     7.8306        0.35100E-02
     7.8492        0.33412E-02
     7.8678        0.31881E-02
     7.8864        0.30485E-02
     7.9050        0.29208E-02
     7.9236        0.28035E-02
     7.9422        0.26954E-02
     7.9608        0.25954E-02
     7.9794        0.25027E-02
     7.9980        0.24164E-02
     8.0166        0.23360E-02
     8.0352        0.22609E-02
     8.0538        0.21905E-02
     8.0724        0.21244E-02
     8.0910        0.20622E-02
     8.1096        0.20036E-02
     8.1282        0.19482E-02
     8.1468        0.18959E-02
     8.1654        0.18463E-02
     8.1840        0.17993E-02
     8.2026        0.17546E-02
     8.2212        0.17120E-02
     8.2398        0.16715E-02
     8.2584        0.16329E-02
     8.2770        0.15960E-02
     8.2956        0.15608E-02
     8.3142        0.15270E-02
     8.3328        0.14947E-02
     8.3514        0.14637E-02
     8.3700        0.14340E-02
     8.3886        0.14054E-02
     8.4072        0.13779E-02
     8.4258        0.13515E-02
     8.4444        0.13260E-02
     8.4630        0.13015E-02
     8.4816        0.12778E-02
     8.5002        0.12550E-02
     8.5188        0.12330E-02
     8.5374        0.12117E-02
     8.5560        0.11911E-02
     8.5746        0.11711E-02
     8.5932        0.11519E-02
     8.6118        0.11332E-02
     8.6304        0.11151E-02
     8.6490        0.10975E-02
     8.6676        0.10805E-02
     8.6862        0.10639E-02
     8.7048        0.10479E-02
     8.7234        0.10323E-02
     8.7420        0.10172E-02
     8.7606        0.10024E-02
     8.7792        0.98809E-03
     8.7978        0.97415E-03
     8.8164        0.96058E-03
     8.8350        0.94736E-03
     8.8536        0.93448E-03
     8.8722        0.92193E-03
     8.8908        0.90970E-03
     8.9094        0.89777E-03
     8.9280        0.88613E-03
     8.9466        0.87477E-03
     8.9652        0.86369E-03
     8.9838        0.85286E-03
     9.0024        0.84229E-03
     9.0210        0.83196E-03
     9.0396        0.82187E-03
     9.0582        0.81200E-03
     9.0768        0.80235E-03
     9.0954        0.79291E-03
     9.1140        0.78368E-03
     9.1326        0.77465E-03
     9.1512        0.76581E-03
     9.1698        0.75715E-03
     9.1884        0.74867E-03
     9.2070        0.74037E-03
     9.2256        0.73224E-03
     9.2442        0.72427E-03
     9.2628        0.71646E-03
     9.2814        0.70880E-03
     9.3000        0.70129E-03
