 21

  C      0.000000    5.000000    0.000000
  C      1.170639    1.170639    1.170639
  C      1.894104    0.000000    0.723495
  C     -1.170639   -1.170639    1.170639
  C      1.170639   -1.170639    1.170639
  C     -1.170639    1.170639    1.170639
  C      0.000000   -0.723495    1.894104
  C      0.723495    1.894104    0.000000
  C      0.000000    0.723495    1.894104
  C      1.894104    0.000000   -0.723495
  C      0.723495   -1.894104    0.000000
  C     -1.894104    0.000000    0.723495
  C     -0.723495    1.894104    0.000000
  C      1.170639    1.170639   -1.170639
  C      1.170639   -1.170639   -1.170639
  C     -0.723495   -1.894104    0.000000
  C     -1.894104    0.000000   -0.723495
  C     -1.170639    1.170639   -1.170639
  C      0.000000    0.723495   -1.894104
  C      0.000000   -0.723495   -1.894104
  C     -1.170639   -1.170639   -1.170639
 21

  C      0.000000    4.990000    0.000000
  C      1.170701    1.170701    1.170701
  C      1.894204    0.000000    0.723533
  C     -1.170701   -1.170701    1.170701
  C      1.170701   -1.170701    1.170701
  C     -1.170701    1.170701    1.170701
  C      0.000000   -0.723533    1.894204
  C      0.723533    1.894204    0.000000
  C      0.000000    0.723533    1.894204
  C      1.894204    0.000000   -0.723533
  C      0.723533   -1.894204    0.000000
  C     -1.894204    0.000000    0.723533
  C     -0.723533    1.894204    0.000000
  C      1.170701    1.170701   -1.170701
  C      1.170701   -1.170701   -1.170701
  C     -0.723533   -1.894204    0.000000
  C     -1.894204    0.000000   -0.723533
  C     -1.170701    1.170701   -1.170701
  C      0.000000    0.723533   -1.894204
  C      0.000000   -0.723533   -1.894204
  C     -1.170701   -1.170701   -1.170701
