20

C   0.000000    0.000000    0.000000
C   1.440000    0.000000    0.000000
C   2.880000    0.000000    0.000000
C   4.320000    0.000000    0.000000
C   5.760000    0.000000    0.000000
C   7.200000    0.000000    0.000000
C   8.640000    0.000000    0.000000
C   10.08000    0.000000    0.000000
C   11.52000    0.000000    0.000000
C   12.96000    0.000000    0.000000
C   14.40000    0.000000    0.000000
C   15.84000    0.000000    0.000000
C   17.28000    0.000000    0.000000
C   18.72000    0.000000    0.000000
C   20.16000    0.000000    0.000000
C   21.60000    0.000000    0.000000
C   23.04000    0.000000    0.000000
C   24.48000    0.000000    0.000000
C   25.92000    0.000000    0.000000
C   27.36000    0.000000    0.000000
20

C   0.000000    0.000000    0.000000
C   1.440000    0.000000    0.000000
C   2.880000    0.000000    0.000000
C   4.320000    0.000000    0.000000
C   5.760000    0.000000    0.000000
C   7.200000    0.000000    0.000000
C   8.640000    0.000000    0.000000
C   10.08000    0.000000    0.000000
C   11.52000    0.000000    0.000000
C   12.96000    0.000000    0.000000
C   14.40000    0.000000    0.000000
C   15.84000    0.000000    0.000000
C   17.28000    0.000000    0.000000
C   18.72000    0.000000    0.000000
C   20.16000    0.000000    0.000000
C   21.60000    0.000000    0.000000
C   23.04000    0.000000    0.000000
C   24.48000    0.000000    0.000000
C   25.92000    0.000000    0.000000
C   27.36000    0.000000    0.000000
