20

C   0.000000    0.000000    0.000000
C   0.846411   -1.164984    0.000000
C   2.215932   -1.609969    0.000000
C   3.585454   -1.164984    0.000000
C   4.431864    0.000000    0.000000
C   4.431864    1.440000    0.000000
C   3.585454    2.604985    0.000000
C   2.215932    3.049969    0.000000
C   0.846411    2.604985    0.000000
C   0.000000    1.440000    0.000000
C  -1.440000    0.000000    0.000000
C  -2.286411   -1.164984    0.000000
C  -3.655932   -1.609969    0.000000
C  -5.025454   -1.164984    0.000000
C  -5.871864    0.000000    0.000000
C  -5.871864    1.440000    0.000000
C  -5.025454    2.604985    0.000000
C  -3.655932    3.049969    0.000000
C  -2.286411    2.604985    0.000000
C  -1.440000    1.440000    0.000000
20  

C   0.000000    0.000000    0.000000
C   0.846411   -1.164984    0.000000
C   2.215932   -1.609969    0.000000
C   3.585454   -1.164984    0.000000
C   4.431864    0.000000    0.000000
C   4.431864    1.440000    0.000000
C   3.585454    2.604985    0.000000
C   2.215932    3.049969    0.000000
C   0.846411    2.604985    0.000000
C   0.000000    1.440000    0.000000
C  -1.440000    0.000000    0.000000
C  -2.286411   -1.164984    0.000000
C  -3.655932   -1.609969    0.000000
C  -5.025454   -1.164984    0.000000
C  -5.871864    0.000000    0.000000
C  -5.871864    1.440000    0.000000
C  -5.025454    2.604985    0.000000
C  -3.655932    3.049969    0.000000
C  -2.286411    2.604985    0.000000
C  -1.440000    1.440000    0.000000
