20
 
C      6.0000    4.7592    2.6604
C      4.8204    5.6160    2.6604
C      7.1796    5.6160    2.6604
C      5.2704    7.0032    2.6604
C      6.7296    7.0032    2.6604
C      6.0000    3.5676    3.3972
C      3.6864    5.2488    3.3972
C      8.3136    5.2488    3.3972
C      4.5708    7.9680    3.3972
C      7.4292    7.9680    3.3972
C      4.8204    3.1848    4.1640
C      7.1796    3.1848    4.1640
C      3.6864    4.0080    4.1640
C      8.3136    4.0080    4.1640
C      2.9580    6.2520    4.1640
C      9.0420    6.2520    4.1640
C      3.3912    7.5840    4.1640
C      8.6088    7.5840    4.1640
C      5.2992    8.9712    4.1640
C      6.7008    8.9712    4.1640
20
 
C      6.0000    4.7592    2.6604
C      4.8204    5.6160    2.6604
C      7.1796    5.6160    2.6604
C      5.2704    7.0032    2.6604
C      6.7296    7.0032    2.6604
C      6.0000    3.5676    3.3972
C      3.6864    5.2488    3.3972
C      8.3136    5.2488    3.3972
C      4.5708    7.9680    3.3972
C      7.4292    7.9680    3.3972
C      4.8204    3.1848    4.1640
C      7.1796    3.1848    4.1640
C      3.6864    4.0080    4.1640
C      8.3136    4.0080    4.1640
C      2.9580    6.2520    4.1640
C      9.0420    6.2520    4.1640
C      3.3912    7.5840    4.1640
C      8.6088    7.5840    4.1640
C      5.2992    8.9712    4.1640
C      6.7008    8.9712    4.1640
