20

C   0.000000    0.000000    0.000000
C   0.225265   -1.422271    0.000000
C   0.879012   -2.705321    0.000000
C   1.897246   -3.723554    0.000000
C   3.180295   -4.377301    0.000000
C   4.602566   -4.602566    0.000000
C   6.024837   -4.377301    0.000000
C   7.307887   -3.723554    0.000000
C   8.326120   -2.705321    0.000000
C   8.979867   -1.422271    0.000000
C   9.205132    0.000000    0.000000
C   8.979867    1.422271    0.000000
C   8.326120    2.705321    0.000000
C   7.307887    3.723554    0.000000
C   6.024837    4.377301    0.000000
C   4.602566    4.602566    0.000000
C   3.180295    4.377301    0.000000
C   1.897246    3.723554    0.000000
C   0.879012    2.705321    0.000000
C   0.225265    1.422271    0.000000
20  

C   0.000000    0.000000    0.000000
C   0.225265   -1.422271    0.000000
C   0.879012   -2.705321    0.000000
C   1.897246   -3.723554    0.000000
C   3.180295   -4.377301    0.000000
C   4.602566   -4.602566    0.000000
C   6.024837   -4.377301    0.000000
C   7.307887   -3.723554    0.000000
C   8.326120   -2.705321    0.000000
C   8.979867   -1.422271    0.000000
C   9.205132    0.000000    0.000000
C   8.979867    1.422271    0.000000
C   8.326120    2.705321    0.000000
C   7.307887    3.723554    0.000000
C   6.024837    4.377301    0.000000
C   4.602566    4.602566    0.000000
C   3.180295    4.377301    0.000000
C   1.897246    3.723554    0.000000
C   0.879012    2.705321    0.000000
C   0.225265    1.422271    0.000000
